2073
1820
1435
9878
2318
1797
1963
1946
1954
1870
1931
2105
1067
1969
1995
1934
1915
629
850
2026
1963
2006
1336
1894
570
951
1919
1975
818
766
648
2158
1343
1870
1960
2182
1189
727
1920
1875
2028
1955
1770
2094
2093
2107
741
1943
1997
1960
1948
1957
560
1967
586
1937
1877
1998
1971
1928
1945
738
676
1930
681
543
1925
1990
1998
1813
715
699
1908
1960
1949
1924
1890
1976
1882
1329
1891
1885
602
1905
1876
1890
1326
1896
1853
1911
1915
636
1909
1918
617
1895
1927
1910
697
1915
1903
1889
1922
2037
1906
1899
1905
1871
1881
1907
1865
1987
1876
1902
611
1906
1208
1898
613
1875
619
1901
683
1901
688
2029
1899
789
1915
1886
1898
1883
1866
1880
1884
600
14362
999
3510
2210
1305
1892
1879
601
640
1907
1899
1879
1830
1903
1916
1915
1884
1944
625
1896
1933
603
1936
1883
1893
1906
1739
1922
1976
1906
1980
1747
1935
1922
538
1986
972
1900
771
1916
1947
1708
1987
581
541
11149
2021
1561
2103
1066
1991
2018
1717
580
2019
1703
1933
711
11099
1921
595
1912
602
5722
1912
3360
2568
1882
591
1533
1922
2023
1929
1913
1882
1883
1732
1961
1865
1880
605
1888
1938
671
1880
1922
1931
1969
1908
610
1904
1875
1943
703
1903
1877
1923
1918
1909
595
1908
693
1905
1876
1887
1834
1902
1875
597
635
1905
1864
1883
1899
1881
1821
1937
798
1903
635
1912
614
1712
1916
1907
1919
1460
1894
1888
616
1938
1967
1976
2111
1074
2172
684
749
1893
1906
752
1896
632
2053
592
1896
1892
1925
1898
710
1925
1928
1928
2188
1912
1928
1932
1928
1902
1920
1881
1897
1880
2069
1891
1872
1782
1870
1869
1882
2099
1941
1877
2131
1203
614
1915
735
1886
1908
489
2017
1920
624
11101
1217
1922
1922
1905
1902
1901
625
2015
677
1902
1939
1926
1896
756
1921
1880
1886
604
627
1889
1968
1874
1859
2096
1880
1877
635
1896
609
1893
593
1895
615
1900
1198
614
11095
1923
1209
1907
1947
1922
1906
1906
594
721
717
1932
1902
1876
1924
1958
1910
1906
670
1886
695
1927
623
1887
1825
2060
1918
1923
1939
1200
723
1927
1929
1924
1697
1924
1206
1922
1910
1319
1875
813
1904
602
543
1889
1893
589
1908
590
1722
2075
1926
1938
1923
722
1925
724
1921
2129
2044
1873
1918
1891
1818
1913
1312
591
1928
1988
1906
1886
1896
1877
1944
1914
1202
1922
631
2016
1905
1900
611
1893
1911
1878
1860
598
1917
597
1898
1877
1896
1915
603
1930
1886
1851
704
619
1875
1912
680
1890
1906
1877
673
1891
1913
1956
1906
595
1944
1813
1896
1902
1897
1908
1902
1873
1766
1883
601
1741
1921
675
1923
615
1909
685
1812
1857
1943
1647
1928
1924
1922
1941
1941
1928
1678
1701
1932
1926
1887
785
1911
621
1891
1873
1790
1841
587
1936
1881
1889
1906
1875
1927
1905
1927
1875
483
744
1902
473
1958
1710
1919
1771
1922
1923
1935
1080
1941
1922
718
1926
1927
2283
1221
1883
629
1903
2233
2005
1198
1938
1917
1928
1892
1881
1888
1989
1719
1875
1894
611
1902
1889
1878
1722
1872
1909
1929
629
1922
634
1895
1921
1923
1941
1921
1922
1859
1880
1884
1980
606
1933
1882
1891
1874
601
1970
1880
1891
624
1902
659
1910
1935
697
1904
630
1873
625
1915
690
712
1906
1929
1929
1914
2140
1823
1919
1890
1866
1887
1885
818
1954
785
2055
1836
1914
721
1905
618
1901
607
11074
1945
1936
727
1861
1913
1925
1943
1917
716
2209
1919
1922
1875
1916
509
883
1899
1980
1921
1196
621
1926
1939
1901
1913
1928
1933
2022
1924
1883
1930
679
1898
672
1899
1865
598
2013
1872
1883
4828
1591
1897
2036
2073
1799
799
800
1952
623
1889
1898
1013
1061
11129
1873
1887
1874
1895
1901
593
1871
1882
1873
1874
1923
1933
1871
627
1917
602
1899
1914
1920
1912
1911
674
1906
1906
1777
1922
1932
1193
2033
1897
1887
577
1912
1882
1311
1906
1882
1115
1901
1909
1823
1904
473
1911
1158
485
794
787
11123
676
1954
1836
1909
670
1891
605
1917
618
1918
1908
624
11092
1709
1924
1925
1910
1922
1969
719
1919
1927
1914
715
8988
622
1905
642
1998
1903
682
1918
611
1902
780
1904
1913
1849
1974
1889
1878
1889
1881
1886
1877
1868
1871
1839
1882
1887
753
1915
621
1904
1933
665
1917
1942
617
1901
636
11092
1950
1919
1927
1793
1890
1888
1906
1875
1887
1895
1772
2010
1872
1210
1938
609
1909
1438
1215
627
1796
631
1923
1934
557
2062
1076
1931
1927
1904
724
817
1909
1915
1935
624
11099
1948
1918
1917
1890
1581
1922
1911
1911
1914
1928
1933
1611
639
1827
1717
597
1874
1893
1882
1891
610
1780
1880
594
11107
1925
608
1888
1935
1957
1709
4805
1923
481
11091
622
1973
1963
618
1881
1919
1907
629
1914
1930
614
1826
2099
1933
1927
1916
2030
599
701
1899
1871
507
1922
1870
1877
1942
1911
1942
1988
613
1891
1944
1920
615
1888
618
11270
1898
1890
2001
1879
1898
563
1901
1888
1863
1947
1956
614
11096
501
1909
607
1902
1923
611
1884
1999
622
1909
628
1914
1887
1915
1916
708
1923
590
2008
1777
1914
1901
1900
1886
1873
1903
1907
2106
1160
505
2120
1139
501
1627
2102
1121
1801
1885
1928
1916
677
1921
596
1911
1902
1893
704
1922
1908
1930
1911
1906
594
1911
1937
1946
1895
2073
1903
1904
2051
1888
1877
1886
873
1902
1810
2122
1880
630
1909
1209
608
1911
812
1906
1861
617
1906
639
11110
1936
1202
1927
1934
2056
723
1914
719
1922
1950
1915
2110
1891
1913
1912
1911
1933
718
1900
1910
629
1995
1898
593
11295
2042
1918
1863
591
1904
1876
1886
2002
1890
1872
1885
1325
1877
1899
1154
1918
497
1953
1930
1954
674
1892
1913
692
11116
1197
709
1917
1933
1912
1940
1924
1194
1929
710
1931
728
11072
1887
1897
1899
4828
1874
1903
1924
1882
1900
1888
1873
606
1917
1206
706
1904
588
1895
717
1912
518
1857
1912
1202
1938
1914
1923
1927
1833
839
12385
1903
667
1902
627
1919
657
1921
1824
630
1904
1885
1928
1905
1877
1884
1868
1831
1791
1881
1888
1886
1874
1930
1795
1900
605
1727
1911
635
1909
1911
667
2000
1795
1926
13401
1717
1967
1965
1985
1051
487
540
1835
566
2094
2135
1212
716
2027
1096
1878
1972
1765
1887
1884
1905
1876
1884
598
11103
1356
1902
1929
1917
1918
1929
1923
1656
1920
1870
1934
1913
1930
1928
476
1923
1912
1758
1917
610
1909
1898
1932
1935
1083
1957
2360
1166
2212
11098
1973
1992
727
1993
2000
729
1910
499
1900
1981
2021
1818
1847
649
1938
545
542
579
1866
2037
1459
1744
2117
1381
1496
949
1944
1967
1157
1654
1900
1921
634
1947
1937
629
5965
1940
824
1877
818
1911
1931
1917
619
2003
1918
1925
1936
1747
2045
1901
1899
1906
1975
1994
1876
1892
606
1901
1892
1868
1900
1925
1964
656
1907
630
1904
1924
605
1892
2198
1888
1988
2011
1895
1887
1890
1878
1895
1874
2025
1813
1891
1865
1887
633
1904
815
1921
1914
631
1920
1907
1922
1923
1917
1948
1925
1935
1911
1926
1904
1928
1933
1914
1956
1923
1861
1893
1863
1884
1884
1879
1871
1862
604
1893
2124
1320
1882
1902
1149
1922
626
1840
1907
613
1907
1214
1922
1930
1891
1879
1883
1822
1873
1897
1870
1884
1910
1867
1903
1891
1868
1880
1917
1925
1911
1915
620
1907
619
1905
591
1911
692
1919
1902
1198
2111
596
1911
1933
2107
1324
974
1884
3349
697
1908
1122
701
1922
617
1883
1886
1954
1935
1922
706
1895
1924
1949
1903
607
1909
1918
678
11289
1813
1929
2026
596
1915
1883
1887
1857
1894
601
1884
1311
1873
627
1922
1894
628
1904
690
1898
1921
1241
608
1911
1823
1907
585
1934
1890
1877
1850
1882
1933
1880
1887
1885
1880
703
1914
696
1852
1928
611
1903
616
1929
596
1887
1885
1891
523
1801
591
1905
1898
1901
603
1891
1772
596
11111
1838
1747
493
1903
628
1940
617
1899
1146
617
1921
1927
1885
6543
1886
1926
1648
1560
2033
1932
1897
1877
782
1994
471
1911
1761
681
1889
1965
1937
623
1871
1761
1903
1922
1664
1922
1929
1942
1916
1906
1736
1632
1924
1055
1737
1877
1880
1904
1882
598
1485
1908
2128
1870
854
797
1915
813
1935
788
1909
517
1951
1930
1919
1890
1926
1942
1930
1912
1929
1927
1973
1920
1932
1919
720
11082
1876
1879
1878
1858
1888
1869
1877
1879
1896
622
1885
1937
1886
1842
640
1904
1908
607
4799
2591
1256
1101
2037
604
1887
593
1917
626
1905
2005
615
1892
717
1923
1880
1886
1956
1899
1887
1991
1875
1875
634
1897
1890
1815
1950
1917
756
2125
1183
1910
1933
1922
638
1871
635
1913
1775
2201
1914
1921
1933
2040
713
1931
2195
1921
1919
2013
1900
502
1929
1912
509
1933
1917
1144
1926
508
2044
502
11119
1931
588
1891
1918
640
1919
668
1910
788
1887
609
1915
1933
1906
1645
1873
2102
1329
1987
1889
1869
2125
1311
608
1668
1897
1900
1925
876
1917
1918
1921
1901
696
1933
1912
1852
1931
1946
716
1926
1920
1918
721
1921
1917
1934
2059
1878
773
1900
1920
1123
806
1923
1905
1907
705
722
1901
1882
1940
1196
1915
707
1900
1928
1912
1965
1210
1829
1924
1892
637
627
1913
1881
1886
1886
574
1824
1881
1925
1885
1901
628
1917
1925
1930
625
1862
614
1910
612
1898
619
11088
687
1908
688
1905
1933
1921
1929
599
1900
632
1897
1953
568
1868
1866
1893
1886
1910
1982
1331
1892
1902
1902
1885
1932
1920
1903
623
1952
1239
613
1904
628
1893
665
11279
2041
2033
1910
1984
1337
1884
598
1924
1894
1890
1870
566
11098
1908
1926
1822
1904
1928
873
1927
632
1690
1879
1626
632
15742
1114
2181
1209
1635
1832
1931
645
1902
1872
1893
1916
1923
1925
1923
1557
1934
1922
1917
1723
1936
2019
1896
511
1911
1744
707
1905
1950
1819
621
1906
1773
1915
1898
1697
791
1931
1930
1889
1931
1941
1641
1933
2068
713
11030
1918
1884
1904
1766
1876
1871
1764
1867
1938
1886
607
1916
1895
1934
629
1913
1925
1952
689
1908
1919
606
1902
1955
1896
2038
1901
1887
1986
1892
1877
1889
1877
1894
1878
1878
2272
1892
2018
1909
490
1899
1905
739
1919
1950
1957
1954
2140
1926
1918
1934
1922
1937
2058
1935
1912
1895
1896
1884
1927
617
1925
1836
1914
619
1907
1900
697
1924
603
11093
1944
1927
1953
1919
2158
1929
722
2052
1871
1893
1986
